IBS	NA12877	NA12878	NA12879	NA12880	NA12881	NA12882	NA12883	NA12884	NA12885	NA12886	NA12887	NA12888	NA12889	NA12890	NA12891	NA12892	NA12893
NA12877	1	0.114754	0.25	0.171875	0.206349	0.206897	0.122807	0.174603	0.206349	0.20339	0.205882	0.220588	0.181818	0.206349	0.16129	0.174603	0.213115	
NA12878	0.114754	1	0.169014	0.696581	0.194444	0.166667	0.706667	0.130435	0.142857	0.163934	0.704348	0.719828	0.67364	0.171429	0.185714	0.682203	0.202899	
NA12879	0.25	0.169014	1	0.203125	0.269841	0.241379	0.101695	0.264706	0.261538	0.222222	0.267606	0.3	0.219178	0.206897	0.245902	0.235294	0.287879	
NA12880	0.171875	0.696581	0.203125	1	0.25	0.157895	0.69869	0.153846	0.157143	0.177419	0.714912	0.708696	0.682403	0.202703	0.179104	0.688034	0.228571	
NA12881	0.206349	0.194444	0.269841	0.25	1	0.196721	0.21875	0.246154	0.274194	0.269841	0.257143	0.260274	0.239437	0.323077	0.313433	0.253521	0.38806	
NA12882	0.206897	0.166667	0.241379	0.157895	0.196721	1	0.137255	0.258065	0.254237	0.220339	0.25	0.223881	0.190476	0.188679	0.169492	0.229508	0.203704	
NA12883	0.122807	0.706667	0.101695	0.69869	0.21875	0.137255	1	0.133333	0.133333	0.142857	0.73991	0.716895	0.714286	0.19403	0.163934	0.695652	0.242424	
NA12884	0.174603	0.130435	0.264706	0.153846	0.246154	0.258065	0.133333	1	0.265625	0.241935	0.253521	0.211268	0.150685	0.172414	0.142857	0.169014	0.216667	
NA12885	0.206349	0.142857	0.261538	0.157143	0.274194	0.254237	0.133333	0.265625	1	0.193548	0.25	0.243243	0.191781	0.2	0.174603	0.208333	0.265625	
NA12886	0.20339	0.163934	0.222222	0.177419	0.269841	0.220339	0.142857	0.241935	0.193548	1	0.238806	0.19697	0.208955	0.224138	0.213115	0.15873	0.25	
NA12887	0.205882	0.704348	0.267606	0.714912	0.257143	0.25	0.73991	0.253521	0.25	0.238806	1	0.728814	0.70339	0.205882	0.246377	0.735043	0.257143	
NA12888	0.220588	0.719828	0.3	0.708696	0.260274	0.223881	0.716895	0.211268	0.243243	0.19697	0.728814	1	0.731915	0.217391	0.185714	0.731915	0.242857	
NA12889	0.181818	0.67364	0.219178	0.682403	0.239437	0.190476	0.714286	0.150685	0.191781	0.208955	0.70339	0.731915	1	0.178082	0.183099	0.707113	0.225352	
NA12890	0.206349	0.171429	0.206897	0.202703	0.323077	0.188679	0.19403	0.172414	0.2	0.224138	0.205882	0.217391	0.178082	1	0.209677	0.214286	0.306452	
NA12891	0.16129	0.185714	0.245902	0.179104	0.313433	0.169492	0.163934	0.142857	0.174603	0.213115	0.246377	0.185714	0.183099	0.209677	1	0.191176	0.287879	
NA12892	0.174603	0.682203	0.235294	0.688034	0.253521	0.229508	0.695652	0.169014	0.208333	0.15873	0.735043	0.731915	0.707113	0.214286	0.191176	1	0.257143	
NA12893	0.213115	0.202899	0.287879	0.228571	0.38806	0.203704	0.242424	0.216667	0.265625	0.25	0.257143	0.242857	0.225352	0.306452	0.287879	0.257143	1	

 plinkseq warning: problem converting .
:::::::::::::::::::::::::::::::::::::::::::::::::::::::::::::::::::::::::::::::
